Total cost of real estate loan; 13598,00
Monthly payment number; Capital repaid; Capital outstanding
1; 192,99; 49807,01
2; 193,47; 49613,54
3; 193,96; 49419,58
4; 194,44; 49225,14
5; 194,93; 49030,21
6; 195,41; 48834,80
7; 195,90; 48638,90
8; 196,39; 48442,51
9; 196,88; 48245,63
10; 197,38; 48048,25
11; 197,87; 47850,38
12; 198,36; 47652,02
13; 198,86; 47453,16
14; 199,36; 47253,80
15; 199,86; 47053,94
16; 200,36; 46853,58
17; 200,86; 46652,72
18; 201,36; 46451,36
19; 201,86; 46249,50
20; 202,37; 46047,13
21; 202,87; 45844,26
22; 203,38; 45640,88
23; 203,89; 45436,99
24; 204,40; 45232,59
25; 204,91; 45027,68
26; 205,42; 44822,26
27; 205,93; 44616,33
28; 206,45; 44409,88
29; 206,97; 44202,91
30; 207,48; 43995,43
31; 208,00; 43787,43
32; 208,52; 43578,91
33; 209,04; 43369,87
34; 209,57; 43160,30
35; 210,09; 42950,21
36; 210,61; 42739,60
37; 211,14; 42528,46
38; 211,67; 42316,79
39; 212,20; 42104,59
40; 212,73; 41891,86
41; 213,26; 41678,60
42; 213,79; 41464,81
43; 214,33; 41250,48
44; 214,86; 41035,62
45; 215,40; 40820,22
46; 215,94; 40604,28
47; 216,48; 40387,80
48; 217,02; 40170,78
49; 217,56; 39953,22
50; 218,11; 39735,11
51; 218,65; 39516,46
52; 219,20; 39297,26
53; 219,75; 39077,51
54; 220,30; 38857,21
55; 220,85; 38636,36
56; 221,40; 38414,96
57; 221,95; 38193,01
58; 222,51; 37970,50
59; 223,06; 37747,44
60; 223,62; 37523,82
61; 224,18; 37299,64
62; 224,74; 37074,90
63; 225,30; 36849,60
64; 225,87; 36623,73
65; 226,43; 36397,30
66; 227,00; 36170,30
67; 227,56; 35942,74
68; 228,13; 35714,61
69; 228,70; 35485,91
70; 229,28; 35256,63
71; 229,85; 35026,78
72; 230,42; 34796,36
73; 231,00; 34565,36
74; 231,58; 34333,78
75; 232,16; 34101,62
76; 232,74; 33868,88
77; 233,32; 33635,56
78; 233,90; 33401,66
79; 234,49; 33167,17
80; 235,07; 32932,10
81; 235,66; 32696,44
82; 236,25; 32460,19
83; 236,84; 32223,35
84; 237,43; 31985,92
85; 238,03; 31747,89
86; 238,62; 31509,27
87; 239,22; 31270,05
88; 239,81; 31030,24
89; 240,41; 30789,83
90; 241,02; 30548,81
91; 241,62; 30307,19
92; 242,22; 30064,97
93; 242,83; 29822,14
94; 243,43; 29578,71
95; 244,04; 29334,67
96; 244,65; 29090,02
97; 245,26; 28844,76
98; 245,88; 28598,88
99; 246,49; 28352,39
100; 247,11; 28105,28
101; 247,73; 27857,55
102; 248,35; 27609,20
103; 248,97; 27360,23
104; 249,59; 27110,64
105; 250,21; 26860,43
106; 250,84; 26609,59
107; 251,47; 26358,12
108; 252,09; 26106,03
109; 252,72; 25853,31
110; 253,36; 25599,95
111; 253,99; 25345,96
112; 254,63; 25091,33
113; 255,26; 24836,07
114; 255,90; 24580,17
115; 256,54; 24323,63
116; 257,18; 24066,45
117; 257,82; 23808,63
118; 258,47; 23550,16
119; 259,11; 23291,05
120; 259,76; 23031,29
121; 260,41; 22770,88
122; 261,06; 22509,82
123; 261,72; 22248,10
124; 262,37; 21985,73
125; 263,03; 21722,70
126; 263,68; 21459,02
127; 264,34; 21194,68
128; 265,00; 20929,68
129; 265,67; 20664,01
130; 266,33; 20397,68
131; 267,00; 20130,68
132; 267,66; 19863,02
133; 268,33; 19594,69
134; 269,00; 19325,69
135; 269,68; 19056,01
136; 270,35; 18785,66
137; 271,03; 18514,63
138; 271,70; 18242,93
139; 272,38; 17970,55
140; 273,06; 17697,49
141; 273,75; 17423,74
142; 274,43; 17149,31
143; 275,12; 16874,19
144; 275,80; 16598,39
145; 276,49; 16321,90
146; 277,19; 16044,71
147; 277,88; 15766,83
148; 278,57; 15488,26
149; 279,27; 15208,99
150; 279,97; 14929,02
151; 280,67; 14648,35
152; 281,37; 14366,98
153; 282,07; 14084,91
154; 282,78; 13802,13
155; 283,48; 13518,65
156; 284,19; 13234,46
157; 284,90; 12949,56
158; 285,62; 12663,94
159; 286,33; 12377,61
160; 287,05; 12090,56
161; 287,76; 11802,80
162; 288,48; 11514,32
163; 289,20; 11225,12
164; 289,93; 10935,19
165; 290,65; 10644,54
166; 291,38; 10353,16
167; 292,11; 10061,05
168; 292,84; 9768,21
169; 293,57; 9474,64
170; 294,30; 9180,34
171; 295,04; 8885,30
172; 295,78; 8589,52
173; 296,52; 8293,00
174; 297,26; 7995,74
175; 298,00; 7697,74
176; 298,75; 7398,99
177; 299,49; 7099,50
178; 300,24; 6799,26
179; 300,99; 6498,27
180; 301,74; 6196,53
181; 302,50; 5894,03
182; 303,25; 5590,78
183; 304,01; 5286,77
184; 304,77; 4982,00
185; 305,53; 4676,47
186; 306,30; 4370,17
187; 307,06; 4063,11
188; 307,83; 3755,28
189; 308,60; 3446,68
190; 309,37; 3137,31
191; 310,15; 2827,16
192; 310,92; 2516,24
193; 311,70; 2204,54
194; 312,48; 1892,06
195; 313,26; 1578,80
196; 314,04; 1264,76
197; 314,83; 949,93
198; 315,62; 634,31
199; 316,40; 317,91
200; 317,91; 0,00
